1
-2
2
-3
3
-4
4
-5
5
-6
-7
7
-8
8
-9
9
-10
10
-11
11
-12
12
-13
13
-14
14
-15
15
-16
16
-17
17
-18
18
-19
19
-20
20
-21
21
-22
22
-23
23
-24
24
-25
25
-26
1
26
-27
2
27
-28
3
28
-29
5
-2
30
-30
6
-3
-31
7
1
32
-1
-4
-32
8
33
-5
-33
9
34
-6
-2
3
35
10
-7
-35
4
36
-3
11
-8
5
-36
6
13
-10
-37
39
7
14
-38
40
8
-12
15
-39
41
9
-13
-40
-4
17
-14
43
-41
11
18
-15
44
-42
12
45
-43
20
-17
13
46
-44
21
-18
47
-45
22
15
-5
48
-46
23
16
-20
49
-47
-21
25
18
-48
51
-22
19
27
-23
-50
53
28
-6
-24
21
54
29
-52
-25
22
55
30
-53
-26
23
56
31
-54
-27
57
24
32
-55
-28
58
25
33
-56
-29
59
26
34
-57
60
27
35
-31
-58
61
28
36
-32
-59
62
29
37
-33
-60
30
38
-34
64
-61
31
39
-35
65
-62
40
-36
66
33
-63
41
-37
67
-8
-64
42
-38
68
35
-65
43
69
36
-66
-40
44
70
-67
-41
71
-68
38
46
-42
72
-69
39
73
-70
48
-44
40
-9
74
-71
49
-45
-10
41
75
-72
50
-46
42
-11
76
-73
51
-47
-12
-74
43
52
-48
78
-75
44
-49
53
79
-76
-50
54
80
-77
-51
-13
-78
-52
82
46
-79
-53
57
83
47
-54
58
84
-81
-55
48
-82
-15
60
-83
49
87
61
-84
-58
50
88
62
-85
-59
51
89
63
-86
-60
52
-16
90
64
-61
53
91
-88
65
-62
-17
92
-89
-63
93
-18
67
55
-90
-64
-19
68
-91
56
95
-65
69
-92
57
96
-20
-66
70
58
-93
-67
71
-21
98
-94
72
60
99
-22
-69
-95
73
61
100
-23
-70
-96
74
101
-24
-71
62
-97
102
75
-25
63
103
-98
76
-73
-26
104
64
-99
105
-27
-75
78
-100
65
106
-76
-28
79
-101
66
-77
80
-102
108
-29
-78
81
67
-103
109
-79
-30
82
-104
68
110
-80
83
-105
69
-31
111
84
-81
-106
70
112
-32
85
-107
-82
113
-33
71
-108
114
-83
-34
87
-109
72
88
116
-110
-85
-35
73
89
117
-111
-36
90
118
-87
74
-112
91
-37
119
-88
75
-113
92
120
-38
-89
-114
76
121
-39
93
-115
122
-90
77
-40
94
-116
-91
123
-41
95
-117
124
-42
-92
96
-118
125
-43
79
-93
97
-119
126
-44
-94
98
-120
80
127
-95
99
-121
81
128
-45
-96
100
-122
129
82
-97
101
-123
130
83
-98
102
-124
131
-47
84
103
-125
132
-48
85
104
-126
-101
133
-49
86
105
-127
134
-102
-50
87
-128
106
135
-103
-51
88
107
-104
-130
-52
89
108
-105
-131
-53
138
109
90
-106
-132
-54
110
139
-107
-133
91
111
140
-55
-108
-134
92
112
141
-56
-109
-135
113
142
-57
-110
-136
114
93
143
-58
-111
144
94
-59
116
-138
-112
145
95
-60
117
-139
-113
146
96
118
-140
-114
-61
97
148
119
-115
-142
98
149
120
-116
-143
99
121
150
-117
-144
122
-63
151
-118
-145
100
123
-64
152
-119
-146
101
124
153
-65
-120
-147
102
125
154
-66
-121
-148
103
155
126
-67
-149
104
156
127
-123
-150
-68
105
157
128
-151
-124
-69
106
158
129
-152
-125
-70
107
159
130
-153
-126
-71
160
131
108
-154
-127
-72
161
132
109
-155
-128
-73
162
-129
134
-74
-157
111
163
-130
135
-75
-158
112
164
-131
136
-159
-76
113
165
-132
137
-160
114
-77
166
-133
138
-161
115
-78
167
-134
139
-162
116
-79
168
-135
140
-163
117
-80
169
-136
141
-164
118
-81
170
-137
142
-165
119
-82
-138
-166
143
120
172
-139
-167
144
121
-83
173
-140
-168
145
122
174
-84
-141
-169
146
123
-85
-142
-170
147
176
124
-86
-143
-171
148
177
-87
-144
-172
125
149
178
-88
-173
126
179
150
-146
-174
127
180
151
-147
-175
128
181
152
-89
-148
-176
182
153
129
-149
-90
-177
183
130
154
-150
-178
184
-91
131
155
-151
-179
185
-92
132
156
-152
-180
186
-93
157
133
-153
-181
187
-94
158
-154
134
-182
188
159
-95
-155
135
-183
160
189
-156
-96
136
-184
190
161
-157
-97
191
-185
-158
138
-98
192
163
-186
-159
-99
193
139
164
-187
-160
-100
194
165
-188
-161
195
-101
141
166
-162
-189
196
142
167
-163
-190
197
143
168
-164
-102
-191
198
169
-165
144
-103
-192
199
-166
170
145
-104
-193
200
-167
171
146
-105
201
-168
172
-195
147
202
-106
-169
173
-196
203
148
-107
-170
174
-197
-108
149
175
205
-172
150
-109
176
-199
206
-173
-110
151
177
-200
207
-174
152
-111
178
-201
208
-175
-112
153
179
-202
209
-176
-113
154
-203
180
-177
-114
155
-204
211
181
-178
156
-115
-205
212
-179
182
157
-206
213
-116
-180
183
-207
158
214
-181
-117
184
-208
159
215
-182
-118
185
-209
216
160
-183
186
-210
-119
217
-184
161
187
-211
218
-120
-185
162
188
-212
219
-186
-121
189
-213
220
-187
-122
164
190
-214
221
-188
165
191
-123
-215
222
-189
192
166
-216
223
-190
193
167
-125
-217
224
-191
194
168
-126
-218
225
195
169
-127
-193
226
-219
196
170
-194
-128
227
-220
197
171
-195
-129
228
198
-196
172
-130
-222
229
199
-197
-131
-223
230
200
174
-198
-224
-132
231
201
175
-199
-225
232
202
176
-133
-200
-226
233
203
177
-201
-227
234
-134
-202
178
-228
235
205
-135
-203
-229
179
236
206
-136
-204
-230
180
237
-205
-231
181
208
238
-206
-137
-232
182
239
209
-207
-138
-233
183
240
210
-208
-234
184
-139
241
211
-209
-235
-140
185
242
212
-236
-210
-141
213
-211
-237
244
-142
187
214
-212
-238
245
188
215
-213
-143
-239
246
216
189
-214
-144
-240
247
217
-215
-145
190
-241
248
218
-216
-146
191
-242
249
219
-217
-147
192
-243
250
220
-218
-148
193
251
-244
221
-219
-149
252
194
-245
222
-150
-220
253
-246
195
223
-151
-221
-247
254
224
196
-222
-152
-248
255
225
197
-223
-153
256
226
198
-224
-250
-154
257
227
199
-225
-251
258
-155
228
-226
-252
200
259
229
-156
-227
-253
260
201
230
-228
-157
-254
261
231
202
-229
-158
262
-255
232
-230
-159
203
263
-256
233
-231
-160
264
-257
204
234
-232
-161
265
-258
205
235
-233
266
-162
-259
236
206
-234
267
-163
-260
237
-235
207
-164
268
-261
238
-236
-165
208
269
-262
-237
270
-263
209
240
-238
271
-167
-264
210
241
-239
272
-168
-265
211
242
-240
273
-169
-266
212
243
274
-241
-170
-267
213
244
275
-242
-171
-268
214
276
245
-172
-243
-269
277
246
-173
215
-244
278
-270
247
-174
-245
279
-271
216
248
-246
280
-175
-272
249
-247
217
-176
-273
250
-248
282
218
-274
251
-249
283
-177
219
-275
252
-250
284
-178
220
-276
253
285
-179
-251
-277
221
286
254
-252
-180
-278
222
287
255
-253
-279
-181
223
288
256
-254
-280
-182
224
289
257
-255
-281
-183
290
225
258
-256
-184
291
259
226
-283
-257
-185
292
227
260
-284
-258
-186
293
228
261
-285
-259
294
-187
229
262
-286
-260
295
230
263
-287
-188
-261
296
264
231
-288
-262
297
265
232
-289
298
-263
233
266
-191
-290
299
-264
234
267
-291
300
-265
-192
235
268
-292
301
-193
-266
269
-293
236
302
-267
-194
-294
270
303
-268
237
-295
271
304
-269
238
-296
272
-195
305
-270
239
-297
273
306
-271
-196
-298
240
307
274
-272
-299
241
308
275
-273
-300
-198
242
309
-274
276
-301
243
-199
310
-275
277
-302
244
311
-200
-276
278
-303
312
-201
-277
279
-304
246
313
-278
-202
280
-305
314
-279
247
281
-203
-306
315
-280
248
282
-204
-307
316
-281
249
283
-308
-205
317
-282
284
-309
318
-206
-283
285
-310
251
319
-207
-284
-311
252
320
286
-208
-285
-312
253
321
287
-209
-286
-313
322
254
288
-210
-314
323
-288
255
289
-315
324
-289
-211
256
-316
290
325
-290
-212
-317
291
326
-291
258
-318
292
-292
-319
293
328
-214
-293
-320
260
294
329
-215
-294
-321
261
295
330
-295
-216
262
-322
296
331
-296
263
-217
-323
-297
332
264
298
-324
-298
333
265
-218
299
-325
-299
334
266
-219
300
-326
-300
335
267
301
-301
-220
336
-328
302
268
-302
-221
337
-329
303
-303
269
-222
338
-330
-304
304
270
-223
339
-331
-305
305
271
340
-224
-306
306
341
-333
272
-225
-307
342
307
-334
273
-308
-226
343
-335
308
-309
-227
274
344
-336
-310
-228
275
345
310
-337
-311
-229
276
346
-338
-312
-230
347
-339
-313
313
278
348
-231
-340
-314
314
279
349
-232
-341
-315
315
280
350
-233
-342
-316
316
281
351
-234
-343
-317
317
282
352
-344
-318
318
-235
-349
358
288
323
-324
-350
359
-236
289
324
-325
-351
360
290
-237
325
-326
-352
361
291
-238
326
-353
-327
362
292
-239
327
-354
363
-328
-240
293
328
-355
364
-329
-241
329
294
365
-356
-330
-242
330
295
366
-357
-331
-243
331
296
367
-358
-332
332
297
-244
368
-359
-333
333
298
369
-360
-334
-246
334
299
370
-361
-335
335
-247
371
300
-362
-336
336
372
-248
-363
301
337
373
-337
-364
-249
338
374
-338
-365
303
339
375
-250
-339
-366
304
340
376
-340
-367
-251
305
341
377
-341
-368
306
-252
342
378
-342
-369
307
343
379
-253
-343
-370
344
380
308
-344
-254
-371
345
381
-345
309
-372
346
-255
382
-346
310
-373
347
-256
383
-347
311
-374
348
-257
384
-348
312
-375
349
-258
385
-349
313
-376
350
-259
386
-350
314
-377
351
-260
387
-351
315
-378
352
388
-261
-352
316
-379
353
389
-262
-353
-380
317
354
390
-263
-354
-381
318
355
391
-355
-264
-382
319
392
356
-356
-383
-265
320
393
357
-357
-384
321
-266
394
358
-385
-358
322
395
-267
359
-386
-359
396
-268
323
360
-387
-360
-269
324
398
-388
-361
325
362
399
-389
-270
-362
326
400
363
-271
-390
-363
401
327
-272
364
-391
-364
402
-273
328
365
-392
-365
403
-274
329
366
-366
404
-393
-275
330
-367
405
-394
367
-276
-368
406
331
-395
368
-277
-369
407
-396
332
369
-278
-370
-397
408
333
370
-279
-371
-398
409
334
371
-372
-280
-399
410
372
-373
335
-281
-400
411
373
-374
336
-401
412
374
-375
337
-402
413
375
-376
-283
338
-403
414
376
-377
339
-404
-284
415
377
-378
340
-285
-405
378
416
-379
341
-286
-406
417
-380
380
342
-287
-407
418
-381
381
343
-288
-408
419
-382
382
344
-409
420
-383
383
-289
345
421
-410
-384
384
-290
422
346
-411
385
-385
423
-291
347
-412
386
424
-386
348
-292
387
-413
425
-387
349
388
-293
-414
426
-388
350
389
-415
427
-294
-389
351
390
-416
428
-295
-390
352
391
-417
429
-296
-391
353
392
430
-418
-392
354
-297
393
431
-419
-393
355
-298
394
-420
432
-394
356
-299
395
-421
433
-395
357
396
-422
434
-300
-396
397
358
-423
435
-301
-397
398
359
436
-424
-302
-398
399
360
437
-425
-303
-399
400
438
-426
361
-304
439
401
-427
-401
362
-305
440
402
-428
-402
-306
363
441
403
-429
-403
-307
364
442
404
-404
365
443
-308
405
-431
-405
444
366
406
-309
-432
-406
445
367
407
-433
-310
446
-407
368
408
-434
-311
447
-408
369
409
-435
-312
448
-409
370
410
-436
449
-313
-410
371
411
-437
450
-314
-411
372
412
-438
451
-412
373
-315
413
-439
452
-413
374
-316
-440
414
453
-414
-317
-441
375
415
454
-415
-318
-442
376
416
-416
-319
-443
377
456
417
-417
-320
-444
378
457
-418
418
-445
379
-321
458
-419
419
-446
380
-322
459
-420
420
-447
-323
460
-421
421
-448
381
461
-324
-422
-449
422
382
462
-325
-423
-450
423
463
383
-326
-424
-451
424
464
384
-327
-425
-452
465
425
-328
-426
386
426
-329
467
-454
-427
427
387
-330
468
-455
-428
428
-331
388
469
-456
-429
429
-332
389
470
-457
430
-430
-333
471
-458
390
431
-431
-334
-459
472
432
-432
-335
391
-460
473
433
-433
-336
392
-461
474
434
-434
393
-462
-337
475
435
-435
394
-463
476
-338
436
-436
-464
395
477
-339
437
-437
478
-465
438
-340
397
-438
479
-466
439
-341
398
-439
480
-467
440
-342
-440
399
-468
481
-441
-343
-469
400
442
482
-442
-344
401
-470
483
-443
-345
-471
402
484
444
-444
-346
-472
403
485
445
-347
-445
-473
404
486
446
-474
405
487
-447
-349
447
-475
488
-448
406
-350
448
-476
489
-449
407
449
-477
-351
490
-450
450
-478
-352
491
-451
409
451
-479
492
-353
-452
452
410
-480
493
-453
453
411
-354
494
-481
-454
454
-355
-482
-455
496
455
412
-483
-456
-356
497
413
456
-484
-357
498
414
457
-458
-485
-358
499
458
415
-459
-486
-359
500
459
416
-461
460
-488
-462
-360
417
461
-489
-463
418
462
-490
-361
-464
463
419
-491
-465
464
420
-492
-466
465
421
-493
-467
466
422
-494
-468
467
423
-495
-469
468
424
-496
-362
-470
-497
425
-363
470
-471
-498
426
471
-472
-499
-364
472
427
-473
-500
-365
473
-474
-366
428
474
-475
429
-367
475
-476
-368
430
476
-477
-369
431
477
-478
-370
432
-479
478
433
479
-481
-371
434
-482
480
435
-483
481
436
-484
482
437
-485
483
438
-486
484
439
485
-488
-372
440
486
-489
-373
441
487
-490
-374
488
-491
-375
-492
489
-493
443
491
444
-495
492
445
-496
493
446
-497
494
447
-498
495
-499
-376
496
-500
-377
448
497
449
498
-378
451
499
-379
452
500
453
-380
455
456
-381
457
-382
458
-383
459
460
-384
462
463
-385
464
-386
465
-387
467
-388
468
-391
469
-392
470
471
472
473
-393
474
475
-394
477
-395
478
-396
479
-397
480
-398
481
-399
482
483
-400
-401
484
-402
-403
485
-404
487
-405
488
-406
489
-407
490
-408
491
-409
492
-410
493
-411
494
-412
495
-413
497
-414
498
-415
499
-416
500
-417
-418
-419
-420
-421
-422
-423
-424
-425
-426
-427
-428
-429
-430
-431
-432
-433
-434
-435
-436
-437
-438
-439
-440
-441
-442
-443
-444
-445
-446
-447
-448
-449
-450
-451
-452
-453
-454
-455
-456
-457
-458
-459
-460
-461
-462
-463
-464
-465
-466
-467
-468
-469
-470
-471
-472
-473
-474
-475
-476
-477
-478
-479
-480
-481
-482
-483
-484
-485
-486
-487
-488
-489
-490
-491
-492
-493
-494
-495
-496
-497
-498
-499
-500
